local time: 2024-10-04 19:19:00
d1 = 6040, d2 = 3706, entries = 1000209
epsilon = 1, delta = 0.00016556291390728477, args.tau = 4.225944519042969
run times: 1
rand: 1.5402 +- 0.0000
T: 1.6022 +- 0.0000
sub-opt: 1.6022 +- 0.0000
X_T: 1.6022 +- 0.0000
MTM: 1.9790 +- 0.0000

